1 0.5890625 0.4890625 0.05859375 0.04375
1 0.35625 0.675 0.06171875 0.04296875
1 0.6625 0.684375 0.06875 0.040625
1 0.90859375 0.753125 0.0515625 0.04375
1 0.390625 0.946875 0.05546875 0.040625
2 0.2453125 0.87890625 0.06953125 0.0328125
2 0.53125 0.728125 0.05 0.03515625
0 0.24609375 0.7546875 0.1109375 0.075
0 0.4671875 0.55390625 0.0625 0.1140625
0 0.8765625 0.5484375 0.19453125 0.153125
3 0.54375 0.615625 0.02265625 0.01953125
3 0.4109375 0.825 0.03203125 0.01875
3 0.81875 0.821875 0.01953125 0.01328125
3 0.2671875 0.54140625 0.028125 0.0171875
3 0.7453125 0.44375 0.021875 0.01640625
2 0.78125 0.4 0.06015625 0.04609375
0 0.57421875 0.8390625 0.1421875 0.08046875
0 0.8203125 0.7984375 0.10390625 0.08984375