1 0.5875 0.4890625 0.06015625 0.04296875
1 0.3609375 0.678125 0.071875 0.05
1 0.6625 0.6875 0.065625 0.05
1 0.38671875 0.94921875 0.0546875 0.0421875
2 0.2421875 0.875 0.05703125 0.04140625
2 0.53125 0.7296875 0.05 0.03515625
2 0.815625 0.8734375 0.05625 0.04609375
2 0.78203125 0.39765625 0.0703125 0.0390625
0 0.87109375 0.55625 0.2078125 0.16484375
2 0.31328125 0.55625 0.0640625 0.05
3 0.2703125 0.54140625 0.01640625 0.0109375
3 0.54140625 0.6125 0.0234375 0.02265625
3 0.4078125 0.8234375 0.03671875 0.02109375
3 0.82265625 0.8171875 0.0328125 0.01796875