1 0.58671875 0.48828125 0.0703125 0.0453125
1 0.3609375 0.67734375 0.06953125 0.0484375
1 0.6609375 0.68828125 0.06640625 0.0578125
0 0.25 0.7546875 0.12421875 0.08359375
0 0.8703125 0.553125 0.203125 0.15703125
2 0.7859375 0.4015625 0.078125 0.03828125
3 0.5453125 0.615625 0.034375 0.01640625
3 0.2625 0.5390625 0.02265625 0.01796875
2 0.3140625 0.553125 0.05859375 0.04453125
2 0.5296875 0.7296875 0.05703125 0.04453125
2 0.815625 0.8734375 0.06171875 0.05234375
2 0.2390625 0.87578125 0.046875 0.0359375
3 0.40703125 0.825 0.0328125 0.02890625