1 0.359375 0.68046875 0.06484375 0.0390625
1 0.59375 0.490625 0.06640625 0.0375
1 0.66875 0.6921875 0.05234375 0.04453125
1 0.809375 0.8734375 0.05 0.04765625
1 0.39765625 0.94453125 0.0546875 0.0484375
2 0.24375 0.878125 0.05859375 0.04453125
0 0.58125 0.8390625 0.15 0.08984375
0 0.87890625 0.55234375 0.1921875 0.1640625
3 0.409375 0.825 0.025 0.01640625
3 0.54375 0.615625 0.025 0.01796875
3 0.275 0.5453125 0.03046875 0.01953125
3 0.75 0.44296875 0.03828125 0.0234375
3 0.821875 0.821875 0.034375 0.01875