1 0.590625 0.490625 0.08515625 0.04765625
1 0.36015625 0.678125 0.0796875 0.04921875
1 0.653125 0.6828125 0.07578125 0.06328125
1 0.903125 0.7515625 0.065625 0.05
1 0.39140625 0.9484375 0.0671875 0.04921875
2 0.5359375 0.734375 0.053125 0.04140625
2 0.2453125 0.875 0.059375 0.04140625
2 0.815625 0.8703125 0.05703125 0.04609375
3 0.81875 0.82265625 0.02578125 0.0203125
3 0.41015625 0.825 0.0265625 0.021875
0 0.2484375 0.7578125 0.1125 0.07421875
0 0.87578125 0.55390625 0.1859375 0.1734375
3 0.54140625 0.615625 0.0296875 0.01796875
3 0.265625 0.540625 0.02578125 0.02421875
3 0.74375 0.440625 0.03046875 0.01953125
2 0.77734375 0.4015625 0.0671875 0.053125
2 0.31875 0.553125 0.0625 0.05078125