1 0.5921875 0.490625 0.07265625 0.046875
1 0.66484375 0.6875 0.0609375 0.05546875
2 0.5265625 0.7296875 0.05546875 0.04375
2 0.2453125 0.878125 0.046875 0.03828125
2 0.31640625 0.55234375 0.0546875 0.0453125
2 0.81640625 0.86875 0.0515625 0.0375
0 0.5703125 0.834375 0.16015625 0.08515625
0 0.246875 0.75859375 0.103125 0.0859375
0 0.4671875 0.5515625 0.053125 0.10234375
0 0.8765625 0.55234375 0.18671875 0.1546875
2 0.784375 0.40390625 0.06484375 0.0421875
3 0.26875 0.5421875 0.02890625 0.01796875
3 0.40859375 0.8265625 0.0171875 0.01875