1 0.5890625 0.4859375 0.05859375 0.05859375
1 0.3546875 0.67265625 0.06640625 0.0328125
1 0.65 0.68046875 0.09375 0.0703125
0 0.246875 0.753125 0.12421875 0.08359375
0 0.46484375 0.5578125 0.0421875 0.11484375
0 0.875 0.5484375 0.18203125 0.171875
3 0.5421875 0.6171875 0.02890625 0.01640625
3 0.4125 0.825 0.028125 0.02734375
0 0.57578125 0.8359375 0.1578125 0.103125
2 0.24609375 0.8828125 0.0515625 0.03984375
2 0.5296875 0.73125 0.04921875 0.034375
2 0.8140625 0.8703125 0.0625 0.04375
2 0.771875 0.4 0.06171875 0.05390625
2 0.3171875 0.55390625 0.06953125 0.0421875
3 0.2640625 0.54296875 0.02890625 0.0203125