1 0.584375 0.4875 0.071875 0.05234375
1 0.3609375 0.6734375 0.071875 0.04140625
1 0.6546875 0.6859375 0.06640625 0.06328125
1 0.3796875 0.9421875 0.07890625 0.06015625
2 0.234375 0.875 0.084375 0.04375
2 0.81015625 0.86484375 0.0578125 0.0421875
2 0.53125 0.7296875 0.05390625 0.03828125
0 0.4671875 0.55625 0.06484375 0.115625
0 0.871875 0.5578125 0.19375 0.1625
0 0.253125 0.75625 0.10859375 0.071875
0 0.575 0.8375 0.14765625 0.090625
2 0.784375 0.403125 0.06171875 0.04921875
2 0.3125 0.553125 0.05703125 0.04921875
3 0.2640625 0.53984375 0.03515625 0.0171875
3 0.409375 0.8234375 0.01953125 0.01640625
3 0.81796875 0.821875 0.0453125 0.028125
3 0.5484375 0.6140625 0.03828125 0.02109375