1 0.5859375 0.4859375 0.08828125 0.05703125
1 0.359375 0.6828125 0.07578125 0.04375
0 0.4609375 0.55625 0.05390625 0.121875
2 0.3140625 0.5578125 0.078125 0.06171875
3 0.26640625 0.5421875 0.0171875 0.01484375
3 0.54375 0.61875 0.028125 0.015625
3 0.40859375 0.82421875 0.0390625 0.0234375
2 0.2453125 0.8796875 0.05546875 0.05
0 0.24296875 0.7609375 0.0921875 0.07734375
0 0.575 0.840625 0.146875 0.09140625
0 0.8296875 0.8 0.11328125 0.10078125
0 0.8734375 0.55234375 0.19296875 0.1515625
1 0.66484375 0.6796875 0.0671875 0.053125
2 0.51875 0.73203125 0.06953125 0.0421875
2 0.7796875 0.409375 0.06484375 0.06171875
2 0.8140625 0.87265625 0.05234375 0.0359375
3 0.8203125 0.8234375 0.028125 0.01875
1 0.39375 0.94765625 0.06328125 0.0484375