1 0.47421875 0.515625 0.0921875 0.05078125
1 0.8265625 0.525 0.06484375 0.05390625
0 0.70078125 0.44140625 0.1015625 0.2078125
3 0.49453125 0.421875 0.0390625 0.02421875
3 0.5578125 0.62421875 0.02734375 0.0171875
2 0.94921875 0.53984375 0.0546875 0.0359375
2 0.50703125 0.7125 0.0546875 0.04375
1 0.184375 0.6890625 0.06875 0.053125
1 0.65234375 0.690625 0.0578125 0.04609375
3 0.2375 0.659375 0.02265625 0.01953125
3 0.46796875 0.90078125 0.0296875 0.0234375
2 0.809375 0.93359375 0.071875 0.0453125