2 0.3078125 0.4390625 0.07265625 0.04296875
1 0.475 0.51328125 0.08984375 0.0515625
1 0.8265625 0.51875 0.06875 0.05625
1 0.64296875 0.69296875 0.0609375 0.0671875
1 0.19609375 0.696875 0.0671875 0.053125
2 0.8109375 0.93125 0.05390625 0.04140625
2 0.509375 0.71484375 0.07109375 0.0484375
2 0.95546875 0.546875 0.0578125 0.02734375
0 0.6984375 0.4375 0.11640625 0.19921875
3 0.5015625 0.4203125 0.02734375 0.02109375
3 0.56171875 0.6234375 0.0265625 0.01796875
3 0.2421875 0.659375 0.02890625 0.01796875
3 0.465625 0.8984375 0.025 0.01796875