1 0.1875 0.69609375 0.06953125 0.0484375
1 0.64453125 0.6890625 0.0703125 0.05
1 0.4734375 0.521875 0.07109375 0.05
1 0.825 0.5234375 0.06953125 0.053125
1 0.725 0.8671875 0.05390625 0.04296875
0 0.278125 0.878125 0.13359375 0.05390625
0 0.6875 0.44375 0.10703125 0.20703125
3 0.5015625 0.41875 0.02734375 0.02109375
3 0.5609375 0.62265625 0.02421875 0.0171875
3 0.240625 0.6609375 0.03359375 0.01484375
3 0.4734375 0.903125 0.03203125 0.01796875
3 0.878125 0.653125 0.0375 0.021875
2 0.95 0.540625 0.07421875 0.04296875