0 0.465625 0.559375 0.034375 0.12421875
0 0.8703125 0.5515625 0.196875 0.15546875
0 0.5765625 0.84296875 0.13671875 0.0921875
1 0.665625 0.69453125 0.06171875 0.0515625
1 0.35546875 0.678125 0.0703125 0.0375
1 0.6 0.4921875 0.06171875 0.05078125
1 0.815625 0.871875 0.06484375 0.05234375
1 0.39375 0.95390625 0.06015625 0.0484375
2 0.25 0.875 0.04765625 0.04375
3 0.409375 0.82578125 0.03359375 0.0203125
3 0.8171875 0.821875 0.03828125 0.025
3 0.5421875 0.61953125 0.03203125 0.0234375
3 0.75 0.44453125 0.025 0.0203125
3 0.26796875 0.5390625 0.0359375 0.028125