0 0.6984375 0.4390625 0.10625 0.19375
0 0.29140625 0.88125 0.1359375 0.04375
1 0.19296875 0.69453125 0.0578125 0.0484375
1 0.653125 0.69609375 0.065625 0.0328125
1 0.4796875 0.5140625 0.06796875 0.05625
1 0.82734375 0.5265625 0.0765625 0.05078125
1 0.73359375 0.86875 0.0828125 0.04765625
2 0.8078125 0.93359375 0.078125 0.0578125
3 0.46953125 0.90078125 0.0296875 0.0203125
3 0.24140625 0.659375 0.0203125 0.02109375
3 0.5671875 0.6265625 0.034375 0.02265625
2 0.9609375 0.5484375 0.05546875 0.034375
3 0.5 0.41875 0.02265625 0.021875
3 0.87578125 0.6484375 0.0234375 0.01875