0 0.28984375 0.88046875 0.1484375 0.0546875
0 0.69375 0.4390625 0.11328125 0.21953125
1 0.19453125 0.6984375 0.0671875 0.05234375
1 0.4734375 0.51171875 0.07578125 0.0515625
1 0.8203125 0.525 0.065625 0.053125
1 0.6515625 0.69140625 0.07109375 0.0578125
2 0.3109375 0.4359375 0.06953125 0.04921875
2 0.5125 0.7125 0.05625 0.05546875
2 0.8078125 0.93671875 0.06953125 0.0609375
2 0.953125 0.5421875 0.065625 0.04921875
3 0.5015625 0.4203125 0.03359375 0.02421875
3 0.56171875 0.6265625 0.0203125 0.021875
3 0.240625 0.659375 0.03828125 0.021875
3 0.47421875 0.89609375 0.0296875 0.0265625