1 0.1859375 0.6953125 0.07421875 0.0625
1 0.65 0.69609375 0.07421875 0.0640625
1 0.4734375 0.5125 0.08359375 0.05078125
1 0.8171875 0.528125 0.06015625 0.046875
0 0.6953125 0.434375 0.11484375 0.20859375
0 0.28125 0.88125 0.14609375 0.05625
3 0.475 0.9046875 0.05 0.02265625
3 0.24296875 0.66171875 0.0359375 0.0234375
3 0.5609375 0.6171875 0.034375 0.02734375
3 0.5015625 0.41875 0.02578125 0.02109375
2 0.3125 0.43671875 0.06953125 0.0453125
2 0.96015625 0.53984375 0.0609375 0.0390625
2 0.51796875 0.71875 0.0640625 0.046875
2 0.39375 0.8015625 0.07265625 0.04375
2 0.81640625 0.9359375 0.0609375 0.04765625