1 0.4734375 0.5078125 0.08671875 0.05
1 0.1890625 0.69765625 0.06875 0.0546875
1 0.65078125 0.68828125 0.0859375 0.0421875
1 0.8234375 0.53125 0.06953125 0.059375
1 0.728125 0.86796875 0.05546875 0.0515625
0 0.2796875 0.87890625 0.10703125 0.0546875
0 0.66015625 0.79140625 0.0734375 0.1234375
0 0.70390625 0.4421875 0.1203125 0.20703125
3 0.4703125 0.896875 0.02578125 0.02578125
3 0.2390625 0.659375 0.02578125 0.015625
3 0.56484375 0.625 0.0328125 0.02109375
2 0.9515625 0.5390625 0.06015625 0.03203125
3 0.875 0.653125 0.02578125 0.01953125
3 0.5046875 0.42109375 0.028125 0.0234375