1 0.4734375 0.515625 0.07890625 0.05625
1 0.196875 0.696875 0.065625 0.053125
1 0.653125 0.6890625 0.05703125 0.05703125
1 0.82265625 0.528125 0.0484375 0.06328125
0 0.653125 0.79921875 0.07734375 0.1328125
0 0.2859375 0.8765625 0.12578125 0.04765625
3 0.465625 0.90078125 0.02421875 0.0140625
3 0.55703125 0.625 0.0265625 0.01171875
3 0.246875 0.66328125 0.03515625 0.0171875
3 0.5078125 0.421875 0.025 0.015625
0 0.69453125 0.440625 0.0921875 0.2125
2 0.953125 0.540625 0.05703125 0.0375
2 0.80625 0.9328125 0.04921875 0.04296875