1 0.190625 0.6984375 0.06484375 0.053125
1 0.6453125 0.68125 0.08984375 0.05859375
1 0.47890625 0.5203125 0.0921875 0.04921875
1 0.83828125 0.5328125 0.0515625 0.040625
1 0.7328125 0.86875 0.04609375 0.06796875
2 0.8203125 0.9359375 0.06015625 0.04140625
2 0.9546875 0.5375 0.04765625 0.05
0 0.690625 0.4375 0.115625 0.19921875
0 0.29140625 0.878125 0.1265625 0.05859375
0 0.6546875 0.79140625 0.07890625 0.1328125
3 0.5578125 0.6234375 0.02578125 0.02109375
3 0.2390625 0.659375 0.02578125 0.01484375
3 0.5 0.425 0.02890625 0.028125
3 0.46875 0.9 0.01953125 0.021875
3 0.875 0.6515625 0.02265625 0.02890625