1 0.1890625 0.69921875 0.08359375 0.0546875
1 0.6484375 0.6953125 0.08125 0.04453125
1 0.475 0.51875 0.08046875 0.053125
1 0.8234375 0.5296875 0.06015625 0.05859375
1 0.728125 0.8671875 0.05546875 0.05
0 0.284375 0.8828125 0.12734375 0.05234375
0 0.65234375 0.79765625 0.0734375 0.1296875
0 0.6984375 0.4390625 0.103125 0.19765625
3 0.4984375 0.41875 0.02578125 0.01640625
3 0.5609375 0.6265625 0.028125 0.01796875
3 0.240625 0.66015625 0.02578125 0.0203125
3 0.46875 0.8984375 0.03125 0.02265625
2 0.953125 0.54375 0.06953125 0.04453125
2 0.8140625 0.94140625 0.06328125 0.0546875
2 0.5109375 0.715625 0.06015625 0.04921875
3 0.8765625 0.65 0.021875 0.01875