1 0.64609375 0.690625 0.0609375 0.04765625
1 0.4796875 0.5140625 0.090625 0.05390625
1 0.825 0.5265625 0.059375 0.05078125
0 0.28359375 0.884375 0.1234375 0.05
3 0.24140625 0.659375 0.0265625 0.01796875
3 0.56015625 0.62109375 0.0265625 0.0265625
2 0.5125 0.71328125 0.04765625 0.0421875
0 0.65859375 0.7890625 0.0640625 0.12109375
2 0.8140625 0.93359375 0.06328125 0.0453125
2 0.95625 0.5421875 0.05859375 0.034375
2 0.3046875 0.43359375 0.06015625 0.0453125
3 0.50078125 0.41875 0.0203125 0.01328125
0 0.6984375 0.4390625 0.11875 0.20234375