3 0.50546875 0.421875 0.0296875 0.01953125
3 0.24296875 0.65703125 0.0390625 0.0203125
3 0.56640625 0.621875 0.0296875 0.02578125
3 0.4703125 0.9 0.03125 0.02109375
0 0.6578125 0.796875 0.08046875 0.128125
0 0.28828125 0.88125 0.1296875 0.05078125
2 0.51171875 0.71484375 0.0578125 0.0515625
2 0.315625 0.4421875 0.07734375 0.053125
2 0.96328125 0.53984375 0.0515625 0.0484375
1 0.19140625 0.70078125 0.0671875 0.0703125
1 0.646875 0.6921875 0.06015625 0.04375
1 0.82421875 0.528125 0.0640625 0.05
1 0.471875 0.51640625 0.06484375 0.0546875
0 0.69453125 0.4390625 0.0953125 0.196875
2 0.8171875 0.9375 0.06640625 0.04375