1 0.1875 0.7 0.06015625 0.04453125
1 0.6484375 0.690625 0.05859375 0.046875
1 0.471875 0.5171875 0.071875 0.046875
1 0.821875 0.525 0.05078125 0.04453125
1 0.728125 0.86796875 0.05 0.0546875
2 0.8078125 0.92890625 0.06015625 0.0390625
2 0.5109375 0.715625 0.04453125 0.04296875
2 0.3140625 0.43828125 0.05625 0.0421875
2 0.95546875 0.5421875 0.0546875 0.03046875
0 0.28515625 0.8796875 0.1140625 0.05078125
0 0.65625 0.79609375 0.071875 0.1296875
0 0.6921875 0.4390625 0.10234375 0.196875
3 0.5015625 0.4171875 0.01875 0.01875
3 0.5625 0.62578125 0.02890625 0.0140625
3 0.2421875 0.6625 0.028125 0.01875
3 0.4671875 0.896875 0.03125 0.02265625
3 0.8765625 0.65 0.028125 0.01953125