0 0.7 0.43671875 0.11171875 0.2015625
0 0.2765625 0.8828125 0.13203125 0.06328125
0 0.6546875 0.790625 0.07421875 0.12265625
1 0.64140625 0.6953125 0.0671875 0.05
1 0.475 0.51328125 0.07578125 0.0453125
1 0.8234375 0.53046875 0.05 0.0484375
2 0.95 0.54375 0.05546875 0.03984375
2 0.39140625 0.79765625 0.0640625 0.0328125
2 0.51328125 0.715625 0.0609375 0.04296875
2 0.8140625 0.9296875 0.05078125 0.04375
3 0.5609375 0.621875 0.015625 0.01875
2 0.3109375 0.4484375 0.05859375 0.06171875
3 0.5 0.41875 0.01875 0.015625
3 0.2359375 0.65859375 0.01796875 0.0140625