1 0.4765625 0.51875 0.05703125 0.03984375
1 0.828125 0.52578125 0.04296875 0.0453125
1 0.65546875 0.69140625 0.0609375 0.0390625
1 0.18984375 0.69765625 0.0734375 0.0546875
1 0.73125 0.865625 0.05859375 0.05234375
0 0.65625 0.79609375 0.06640625 0.1265625
0 0.2796875 0.8828125 0.134375 0.06171875
0 0.69609375 0.4375 0.1078125 0.2
3 0.49921875 0.42265625 0.0203125 0.0234375
3 0.55703125 0.62109375 0.0296875 0.0171875
2 0.509375 0.7203125 0.06875 0.053125
2 0.38984375 0.79609375 0.0671875 0.0390625
3 0.471875 0.903125 0.03046875 0.025
3 0.23984375 0.65703125 0.0171875 0.0109375
2 0.3125 0.4390625 0.06328125 0.04140625
2 0.9515625 0.5390625 0.05703125 0.04453125
3 0.8734375 0.65 0.03203125 0.021875
2 0.81328125 0.9390625 0.0703125 0.046875