0 0.35859375 0.5859375 0.1046875 0.09765625
0 0.69609375 0.4359375 0.0953125 0.19296875
0 0.65703125 0.7953125 0.0703125 0.121875
0 0.2828125 0.8828125 0.14296875 0.046875
1 0.19140625 0.7015625 0.0640625 0.04921875
1 0.47109375 0.5125 0.0609375 0.04296875
1 0.82578125 0.525 0.0640625 0.046875
1 0.6484375 0.6921875 0.059375 0.040625
1 0.725 0.871875 0.05625 0.04609375
3 0.47109375 0.9 0.0234375 0.01875
3 0.24296875 0.65859375 0.0203125 0.0140625
3 0.56328125 0.621875 0.0296875 0.01640625
3 0.5015625 0.4203125 0.025 0.01484375
2 0.9515625 0.5375 0.065625 0.04765625
3 0.86875 0.65 0.03203125 0.01796875