1 0.47109375 0.51328125 0.0859375 0.0640625
1 0.190625 0.69375 0.071875 0.05390625
1 0.653125 0.68671875 0.0625 0.0546875
1 0.82578125 0.5265625 0.0671875 0.06015625
0 0.28828125 0.8796875 0.1546875 0.05390625
0 0.3578125 0.58359375 0.10625 0.1078125
0 0.6640625 0.79140625 0.08828125 0.1328125
0 0.69375 0.43671875 0.08671875 0.2046875
3 0.49921875 0.4203125 0.0328125 0.02421875
3 0.56015625 0.6234375 0.0390625 0.021875
3 0.240625 0.659375 0.04375 0.01328125
2 0.9546875 0.54140625 0.06484375 0.0515625
2 0.82109375 0.9375 0.1078125 0.0375
3 0.465625 0.8953125 0.03515625 0.02265625