1 0.1921875 0.69375 0.04609375 0.04765625
1 0.471875 0.51484375 0.07734375 0.0515625
1 0.825 0.5265625 0.06484375 0.05390625
1 0.65 0.69375 0.0625 0.04921875
1 0.728125 0.8671875 0.06640625 0.05078125
0 0.3515625 0.58828125 0.12734375 0.1078125
0 0.68515625 0.44296875 0.1015625 0.2078125
0 0.2890625 0.88515625 0.13125 0.0515625
0 0.6515625 0.7953125 0.08046875 0.12734375
3 0.2421875 0.65859375 0.04375 0.0234375
3 0.55703125 0.621875 0.0328125 0.02109375
3 0.4703125 0.90078125 0.02421875 0.0203125
2 0.8125 0.93125 0.06171875 0.06015625
2 0.9578125 0.54375 0.06171875 0.059375
3 0.5015625 0.421875 0.03515625 0.02734375