0 0.284375 0.88125 0.12890625 0.05078125
0 0.6609375 0.79453125 0.075 0.1296875
0 0.359375 0.5890625 0.10546875 0.10078125
0 0.7 0.43828125 0.11953125 0.1984375
1 0.190625 0.69921875 0.08359375 0.0515625
1 0.6515625 0.69140625 0.09921875 0.0515625
1 0.471875 0.515625 0.08515625 0.05703125
1 0.825 0.528125 0.075 0.05703125
2 0.9546875 0.54375 0.06484375 0.04140625
2 0.50625 0.71875 0.05703125 0.05546875
3 0.2421875 0.6609375 0.03125 0.02109375
3 0.559375 0.62421875 0.025 0.0171875
3 0.4640625 0.9 0.021875 0.01875
2 0.81328125 0.9296875 0.0734375 0.04140625
3 0.5046875 0.4203125 0.03046875 0.01875