0 0.35390625 0.584375 0.1015625 0.09921875
0 0.2875 0.878125 0.13359375 0.04765625
0 0.6578125 0.790625 0.071875 0.13203125
0 0.69609375 0.4328125 0.1140625 0.18671875
1 0.72734375 0.86640625 0.0609375 0.0515625
1 0.65546875 0.6921875 0.0546875 0.04609375
1 0.18984375 0.696875 0.0703125 0.05390625
1 0.83125 0.53125 0.05859375 0.04921875
1 0.4734375 0.51796875 0.08046875 0.0484375
3 0.5609375 0.625 0.02890625 0.02578125
3 0.2421875 0.6609375 0.03125 0.01484375
3 0.4703125 0.9 0.025 0.01953125
3 0.875 0.65078125 0.02265625 0.0203125
2 0.959375 0.5453125 0.075 0.034375
3 0.5 0.42265625 0.02421875 0.0203125
2 0.50859375 0.715625 0.0453125 0.0375
2 0.81875 0.9359375 0.05859375 0.03984375