0 0.3484375 0.5875 0.09453125 0.103125
0 0.2578125 0.8734375 0.15625 0.06171875
0 0.671875 0.790625 0.07265625 0.125
0 0.70390625 0.425 0.1109375 0.18359375
1 0.4765625 0.5171875 0.09453125 0.05
1 0.840625 0.53125 0.08125 0.04609375
1 0.653125 0.6953125 0.07109375 0.04609375
2 0.51171875 0.7125 0.0703125 0.04921875
2 0.3140625 0.43515625 0.04140625 0.0328125
2 0.946875 0.5453125 0.04140625 0.03515625
2 0.81015625 0.9375 0.0515625 0.05
3 0.5640625 0.621875 0.02109375 0.02421875
3 0.50078125 0.4140625 0.0234375 0.01875
3 0.2453125 0.65859375 0.02734375 0.0171875