0 0.35546875 0.5890625 0.0921875 0.10078125
0 0.7 0.434375 0.11875 0.19453125
0 0.6625 0.7953125 0.06953125 0.121875
0 0.2859375 0.884375 0.13046875 0.05625
2 0.39375 0.7984375 0.078125 0.03984375
2 0.5109375 0.71640625 0.0625 0.0453125
2 0.8171875 0.93828125 0.07890625 0.0453125
2 0.9546875 0.53984375 0.05 0.0359375
1 0.82421875 0.528125 0.0640625 0.04921875
1 0.64375 0.6921875 0.06640625 0.04453125
3 0.2390625 0.65859375 0.02578125 0.0171875
3 0.5 0.4203125 0.028125 0.01953125
2 0.30859375 0.4359375 0.0734375 0.040625