2 0.39296875 0.8046875 0.0734375 0.04375
2 0.5203125 0.7140625 0.06953125 0.04453125
2 0.80859375 0.94375 0.0578125 0.05859375
2 0.95078125 0.5453125 0.0546875 0.0375
2 0.31171875 0.4390625 0.0515625 0.03359375
1 0.475 0.51796875 0.07578125 0.0421875
1 0.825 0.525 0.06640625 0.05546875
1 0.646875 0.6953125 0.05 0.04375
0 0.2890625 0.8828125 0.14375 0.04375
0 0.65703125 0.79296875 0.0765625 0.1171875
0 0.3578125 0.5875 0.08984375 0.10546875
0 0.6890625 0.4421875 0.08515625 0.19921875
3 0.50625 0.4171875 0.02421875 0.02265625
3 0.5609375 0.6296875 0.02265625 0.01796875
3 0.25078125 0.65859375 0.0296875 0.0234375