1 0.478125 0.5125 0.0875 0.04140625
1 0.1921875 0.696875 0.07890625 0.053125
1 0.6515625 0.6890625 0.07421875 0.05078125
1 0.82578125 0.525 0.0734375 0.03671875
0 0.2921875 0.88125 0.128125 0.05703125
0 0.35625 0.59375 0.1 0.09609375
0 0.690625 0.43671875 0.09375 0.1921875
0 0.64921875 0.79140625 0.0546875 0.1140625
2 0.31171875 0.4390625 0.0609375 0.04765625
2 0.5140625 0.7140625 0.06796875 0.05234375
2 0.39296875 0.7984375 0.1015625 0.03984375
2 0.953125 0.5375 0.05859375 0.04140625
2 0.8140625 0.9328125 0.05390625 0.03828125
3 0.4703125 0.90234375 0.02421875 0.0265625
3 0.5640625 0.621875 0.021875 0.01328125
3 0.2421875 0.659375 0.03046875 0.01328125
3 0.5046875 0.42109375 0.02890625 0.0171875