0 0.3640625 0.590625 0.103125 0.10703125
0 0.2859375 0.88046875 0.13125 0.0671875
0 0.659375 0.796875 0.07578125 0.11484375
0 0.684375 0.4375 0.08515625 0.19296875
1 0.4734375 0.5171875 0.07109375 0.04921875
1 0.190625 0.70078125 0.04921875 0.0546875
1 0.6515625 0.7 0.04375 0.03828125
1 0.83359375 0.52734375 0.0859375 0.0546875
1 0.728125 0.8625 0.065625 0.04453125
2 0.8171875 0.9328125 0.059375 0.046875
2 0.51015625 0.7125 0.0578125 0.040625
2 0.3890625 0.78984375 0.07109375 0.0578125
2 0.6640625 0.7265625 0.025 0.00078125
2 0.946875 0.540625 0.05859375 0.040625
2 0.309375 0.43515625 0.05546875 0.0484375
3 0.4984375 0.41875 0.02890625 0.01640625
3 0.55859375 0.621875 0.0234375 0.01640625
3 0.2421875 0.659375 0.03515625 0.01796875
3 0.46875 0.8984375 0.01875 0.01953125