1 0.19296875 0.69921875 0.0609375 0.0515625
1 0.653125 0.6921875 0.06484375 0.05
1 0.728125 0.86875 0.08359375 0.05625
0 0.28046875 0.884375 0.1390625 0.04765625
0 0.3546875 0.584375 0.11171875 0.09921875
0 0.69296875 0.428125 0.1078125 0.19765625
0 0.83125 0.66875 0.04921875 0.11484375
3 0.87578125 0.6515625 0.0265625 0.01875
3 0.56328125 0.621875 0.0234375 0.02265625
3 0.46953125 0.903125 0.0234375 0.02421875
3 0.2421875 0.659375 0.021875 0.01875
3 0.5 0.421875 0.02578125 0.021875
1 0.47734375 0.5140625 0.0796875 0.05078125
1 0.825 0.528125 0.06953125 0.05546875
2 0.9515625 0.5453125 0.06171875 0.05078125
0 0.6578125 0.7953125 0.08046875 0.13125