1 0.471875 0.515625 0.07578125 0.05859375
1 0.65390625 0.6921875 0.0609375 0.04453125
1 0.82421875 0.5296875 0.0609375 0.065625
0 0.8359375 0.678125 0.040625 0.13203125
0 0.28515625 0.88671875 0.1265625 0.0546875
0 0.3640625 0.5875 0.11484375 0.10390625
0 0.69375 0.4375 0.10625 0.196875
3 0.496875 0.41953125 0.02890625 0.0171875
3 0.5609375 0.628125 0.02421875 0.02421875
3 0.24140625 0.65859375 0.0203125 0.0171875
0 0.65390625 0.7953125 0.0765625 0.13515625
2 0.8171875 0.9375 0.0625 0.04375
2 0.9484375 0.5390625 0.053125 0.03671875