0 0.359375 0.590625 0.103125 0.09453125
0 0.29375 0.8828125 0.14609375 0.06953125
0 0.8328125 0.66015625 0.053125 0.1515625
0 0.65546875 0.8015625 0.0859375 0.15078125
0 0.69375 0.434375 0.10546875 0.21640625
1 0.4765625 0.51953125 0.07890625 0.0546875
1 0.8296875 0.5296875 0.06796875 0.05
1 0.65703125 0.6953125 0.0640625 0.040625
1 0.19296875 0.7 0.0765625 0.05546875
3 0.5 0.4203125 0.02421875 0.02109375
3 0.5609375 0.621875 0.03046875 0.02421875
3 0.4734375 0.90234375 0.03984375 0.0265625
3 0.24296875 0.659375 0.0359375 0.02265625
2 0.8140625 0.9328125 0.06640625 0.04375