0 0.365625 0.5875 0.10078125 0.09140625
0 0.69921875 0.4375 0.1046875 0.2
0 0.83359375 0.6734375 0.0453125 0.11875
0 0.653125 0.79296875 0.075 0.1171875
0 0.28203125 0.8796875 0.1484375 0.04609375
1 0.7296875 0.86875 0.05390625 0.04921875
1 0.65390625 0.69375 0.0609375 0.05234375
1 0.1890625 0.6984375 0.059375 0.06015625
1 0.4703125 0.51640625 0.06328125 0.0453125
1 0.828125 0.5203125 0.06015625 0.05625
2 0.809375 0.9390625 0.05859375 0.05859375
3 0.46953125 0.9 0.0265625 0.025
3 0.56484375 0.6234375 0.0515625 0.02109375
3 0.2359375 0.66171875 0.03671875 0.0203125
3 0.5 0.41875 0.02890625 0.01796875
2 0.9578125 0.540625 0.046875 0.04140625