0 0.3625 0.5890625 0.08671875 0.096875
0 0.2859375 0.884375 0.13203125 0.04765625
0 0.8375 0.665625 0.04140625 0.11875
0 0.6578125 0.79375 0.06484375 0.13046875
0 0.703125 0.446875 0.09140625 0.159375
1 0.82890625 0.52734375 0.0484375 0.0546875
1 0.65 0.6875 0.06640625 0.05
2 0.5125 0.7140625 0.053125 0.040625
2 0.309375 0.4375 0.053125 0.046875
2 0.9546875 0.5421875 0.065625 0.03984375
2 0.809375 0.9375 0.05703125 0.053125
3 0.4984375 0.41796875 0.02109375 0.0171875
3 0.2390625 0.6578125 0.02578125 0.021875