0 0.359375 0.5890625 0.10078125 0.10078125
0 0.6953125 0.434375 0.11328125 0.19375
0 0.8390625 0.67265625 0.03984375 0.1171875
0 0.65703125 0.790625 0.0734375 0.12265625
0 0.29140625 0.88203125 0.1421875 0.0515625
3 0.24296875 0.6609375 0.0203125 0.02421875
3 0.5609375 0.621875 0.021875 0.01953125
2 0.80546875 0.9328125 0.0640625 0.04375
2 0.50859375 0.7171875 0.0515625 0.04921875
2 0.315625 0.440625 0.07578125 0.04921875
3 0.5015625 0.4171875 0.025 0.01328125
1 0.475 0.515625 0.07734375 0.04375
1 0.8265625 0.5296875 0.08359375 0.05
2 0.95546875 0.540625 0.0515625 0.04296875
1 0.65 0.6921875 0.059375 0.05390625