1 0.4765625 0.5140625 0.096875 0.04296875
1 0.196875 0.7015625 0.06796875 0.053125
1 0.64375 0.69140625 0.06953125 0.0578125
1 0.828125 0.52890625 0.053125 0.0546875
1 0.72890625 0.86953125 0.0484375 0.0546875
0 0.6578125 0.79375 0.05859375 0.12578125
0 0.83515625 0.66875 0.0546875 0.125
0 0.6953125 0.44453125 0.10234375 0.2046875
0 0.290625 0.8828125 0.146875 0.04453125
0 0.365625 0.59140625 0.103125 0.0953125
2 0.31171875 0.43671875 0.0859375 0.0359375
2 0.5125 0.71015625 0.06484375 0.0453125
2 0.9546875 0.54375 0.046875 0.040625
2 0.80625 0.9328125 0.04921875 0.04375
3 0.471875 0.90078125 0.02890625 0.0203125
3 0.5640625 0.6234375 0.03125 0.02265625
3 0.24375 0.6578125 0.034375 0.021875
3 0.49921875 0.41875 0.0296875 0.02734375