0 0.36484375 0.590625 0.1171875 0.10234375
0 0.2859375 0.8875 0.13203125 0.05859375
0 0.65625 0.7953125 0.078125 0.125
0 0.8359375 0.6703125 0.03828125 0.1125
0 0.69453125 0.434375 0.0890625 0.196875
1 0.65 0.690625 0.06328125 0.04140625
1 0.828125 0.5234375 0.05625 0.04921875
2 0.9578125 0.54296875 0.059375 0.0265625
2 0.38671875 0.796875 0.0734375 0.028125
2 0.5078125 0.715625 0.05 0.04296875
2 0.8140625 0.934375 0.05390625 0.04765625
2 0.3109375 0.44296875 0.05234375 0.0484375
3 0.4984375 0.4203125 0.02265625 0.01796875
3 0.23671875 0.6578125 0.0265625 0.01640625