0 0.284375 0.878125 0.12109375 0.05078125
0 0.65546875 0.79765625 0.0765625 0.1296875
0 0.8359375 0.67109375 0.05859375 0.1078125
0 0.359375 0.5890625 0.10390625 0.10546875
0 0.69609375 0.4359375 0.0921875 0.18359375
1 0.1921875 0.69609375 0.05703125 0.0640625
1 0.65859375 0.6921875 0.0703125 0.04453125
1 0.4765625 0.5125 0.08046875 0.05234375
1 0.83125 0.525 0.05859375 0.05703125
2 0.8109375 0.93515625 0.07421875 0.0328125
2 0.396875 0.7984375 0.08125 0.03203125
2 0.51875 0.71640625 0.07265625 0.0515625
2 0.3078125 0.43515625 0.0625 0.0390625
2 0.95390625 0.54375 0.0609375 0.03203125
3 0.5625 0.6265625 0.028125 0.01953125
3 0.50234375 0.4203125 0.0265625 0.01640625
3 0.23828125 0.6609375 0.0203125 0.01796875
3 0.4671875 0.89765625 0.02421875 0.0203125