0 0.4703125 0.553125 0.05 0.11875
0 0.86875 0.5546875 0.19140625 0.18125
0 0.57890625 0.840625 0.1609375 0.1
0 0.24765625 0.7625 0.0984375 0.065625
1 0.35859375 0.67734375 0.0734375 0.0484375
1 0.6625 0.68984375 0.06328125 0.0546875
1 0.5953125 0.49375 0.07421875 0.053125
1 0.9109375 0.7515625 0.06015625 0.05078125
1 0.384375 0.946875 0.08359375 0.05546875
3 0.415625 0.821875 0.02890625 0.02265625
3 0.8171875 0.8234375 0.02421875 0.01796875
3 0.546875 0.62109375 0.03046875 0.0203125
3 0.7484375 0.44375 0.04453125 0.01953125
3 0.275 0.54609375 0.03125 0.0203125
2 0.2453125 0.88046875 0.0375 0.0328125