1 0.44375 0.5234375 0.09296875 0.05625
1 0.81875 0.47421875 0.05859375 0.0640625
1 0.6515625 0.678125 0.06015625 0.05703125
1 0.1984375 0.73359375 0.06015625 0.0390625
1 0.853125 0.8390625 0.059375 0.05390625
2 0.4953125 0.778125 0.065625 0.05546875
2 0.2703125 0.75546875 0.08359375 0.0421875
3 0.490625 0.646875 0.02890625 0.02421875
3 0.25703125 0.521875 0.0265625 0.01875
2 0.3546875 0.44609375 0.06171875 0.0421875
2 0.903125 0.61953125 0.065625 0.0390625
2 0.94375 0.92265625 0.06484375 0.0578125
0 0.60859375 0.4140625 0.1453125 0.184375
3 0.284375 0.82578125 0.03203125 0.0234375