1 0.196875 0.73359375 0.05390625 0.0453125
1 0.44375 0.5171875 0.07578125 0.03828125
1 0.65 0.678125 0.05625 0.04453125
1 0.81640625 0.4703125 0.0515625 0.04765625
2 0.496875 0.78046875 0.05 0.0453125
2 0.9421875 0.925 0.071875 0.04609375
2 0.35078125 0.446875 0.0578125 0.046875
3 0.2578125 0.5234375 0.025 0.01875
3 0.49140625 0.6484375 0.0203125 0.02109375
3 0.678125 0.896875 0.02421875 0.01796875
3 0.28125 0.821875 0.02109375 0.01640625
2 0.9109375 0.61953125 0.05546875 0.0328125
0 0.603125 0.4140625 0.159375 0.19375