1 0.190625 0.73359375 0.059375 0.0515625
1 0.6546875 0.6765625 0.0875 0.03984375
1 0.8578125 0.846875 0.05625 0.04375
2 0.4984375 0.78046875 0.05546875 0.0484375
2 0.946875 0.92578125 0.06640625 0.0484375
2 0.90546875 0.6203125 0.0609375 0.0375
2 0.35 0.44453125 0.05234375 0.0453125
1 0.4390625 0.5234375 0.071875 0.03671875
1 0.81796875 0.4671875 0.0609375 0.034375
0 0.6078125 0.4140625 0.15390625 0.18984375
3 0.25625 0.521875 0.025 0.01640625
3 0.490625 0.646875 0.021875 0.01484375
2 0.2671875 0.759375 0.06015625 0.040625
3 0.28125 0.8234375 0.03125 0.021875
3 0.678125 0.89609375 0.02734375 0.0171875