1 0.4453125 0.521875 0.07421875 0.04375
1 0.203125 0.7359375 0.08515625 0.06015625
1 0.6484375 0.675 0.05234375 0.059375
1 0.81796875 0.4703125 0.0578125 0.053125
2 0.5046875 0.7828125 0.0625 0.04609375
2 0.940625 0.9203125 0.06015625 0.05
2 0.9109375 0.61796875 0.07109375 0.0328125
2 0.35234375 0.446875 0.0578125 0.046875
3 0.26015625 0.52421875 0.0203125 0.0171875
3 0.4921875 0.64375 0.015625 0.02109375
3 0.753125 0.5203125 0.02265625 0.01875
3 0.675 0.8984375 0.02734375 0.02734375
0 0.596875 0.41875 0.15234375 0.19921875