1 0.2 0.7359375 0.06484375 0.05
1 0.65390625 0.684375 0.0828125 0.05546875
1 0.853125 0.846875 0.08046875 0.05390625
1 0.4390625 0.5203125 0.08359375 0.04921875
1 0.81796875 0.4703125 0.0734375 0.05390625
2 0.2671875 0.7625 0.07734375 0.04296875
2 0.4984375 0.78203125 0.0625 0.0515625
2 0.3484375 0.446875 0.06328125 0.059375
2 0.9125 0.6203125 0.08046875 0.03515625
2 0.9421875 0.9234375 0.046875 0.046875
3 0.6765625 0.896875 0.021875 0.01484375
3 0.49375 0.64921875 0.028125 0.0203125
3 0.2578125 0.52109375 0.03046875 0.0203125
3 0.75625 0.521875 0.028125 0.01875
0 0.6078125 0.415625 0.165625 0.19296875
3 0.278125 0.82265625 0.02890625 0.0203125