2 0.353125 0.4453125 0.04375 0.04765625
2 0.2609375 0.76875 0.06328125 0.04921875
2 0.496875 0.7765625 0.05625 0.04765625
2 0.9421875 0.9265625 0.05234375 0.04140625
2 0.903125 0.61875 0.05703125 0.03515625
0 0.46875 0.940625 0.12890625 0.04296875
1 0.196875 0.7328125 0.046875 0.04453125
1 0.646875 0.67578125 0.05234375 0.0515625
1 0.4328125 0.521875 0.06796875 0.04375
1 0.8140625 0.4734375 0.046875 0.05859375
1 0.8546875 0.8421875 0.05859375 0.05234375
0 0.6015625 0.409375 0.14765625 0.18515625