1 0.19453125 0.725 0.0734375 0.05703125
1 0.6453125 0.675 0.059375 0.046875
1 0.4390625 0.5328125 0.05703125 0.0375
1 0.8234375 0.465625 0.059375 0.04765625
2 0.89375 0.62421875 0.04140625 0.0421875
2 0.49140625 0.7703125 0.0671875 0.05390625
2 0.9515625 0.93046875 0.04296875 0.0390625
0 0.47890625 0.9390625 0.1328125 0.04140625
3 0.28046875 0.821875 0.0296875 0.02109375
3 0.2609375 0.5203125 0.03359375 0.02109375
2 0.34296875 0.4453125 0.0578125 0.06015625
0 0.6140625 0.415625 0.15078125 0.184375