0 0.6140625 0.41875 0.14921875 0.196875
0 0.478125 0.9328125 0.128125 0.04453125
2 0.26875 0.75625 0.07421875 0.03359375
2 0.490625 0.775 0.05625 0.04921875
2 0.9484375 0.928125 0.0625 0.05078125
2 0.903125 0.6171875 0.0625 0.04375
1 0.815625 0.4703125 0.08046875 0.053125
1 0.440625 0.525 0.090625 0.053125
1 0.64765625 0.6765625 0.0671875 0.04765625
1 0.8609375 0.846875 0.06171875 0.05390625
1 0.1984375 0.73125 0.05859375 0.04296875
2 0.346875 0.4421875 0.053125 0.04375
3 0.25625 0.5234375 0.02734375 0.01796875
3 0.278125 0.825 0.02734375 0.02265625