1 0.1984375 0.7359375 0.05078125 0.05859375
1 0.43984375 0.5234375 0.0765625 0.04765625
1 0.6484375 0.675 0.05625 0.053125
1 0.81875 0.471875 0.06171875 0.05234375
2 0.496875 0.778125 0.04609375 0.046875
3 0.28203125 0.8234375 0.0296875 0.02421875
3 0.48671875 0.6453125 0.0296875 0.02734375
2 0.3484375 0.446875 0.065625 0.053125
2 0.91171875 0.62109375 0.0640625 0.0390625
2 0.94375 0.92890625 0.05390625 0.0578125
0 0.47734375 0.928125 0.1359375 0.05390625
3 0.25859375 0.52265625 0.0203125 0.0203125
0 0.603125 0.4109375 0.15859375 0.19375