1 0.203125 0.7359375 0.07265625 0.04765625
1 0.6546875 0.675 0.05546875 0.04375
1 0.4375 0.5234375 0.06640625 0.05
1 0.821875 0.46953125 0.04609375 0.0484375
2 0.496875 0.77890625 0.059375 0.0453125
2 0.94140625 0.9203125 0.0609375 0.04453125
2 0.90078125 0.6171875 0.0578125 0.03984375
3 0.4921875 0.6453125 0.02734375 0.01640625
3 0.25 0.5203125 0.03046875 0.01796875
3 0.75703125 0.51875 0.0265625 0.01640625
3 0.284375 0.82421875 0.028125 0.0203125
3 0.678125 0.8984375 0.028125 0.02421875
0 0.4828125 0.9375 0.14609375 0.040625
2 0.346875 0.4453125 0.04140625 0.05546875
0 0.603125 0.4140625 0.14140625 0.1875