1 0.4421875 0.51875 0.084375 0.04375
1 0.82421875 0.465625 0.0703125 0.04765625
1 0.653125 0.675 0.06484375 0.05078125
1 0.1953125 0.7359375 0.04453125 0.05703125
1 0.8578125 0.84375 0.04609375 0.03984375
2 0.35 0.4453125 0.05390625 0.05546875
2 0.4953125 0.784375 0.04921875 0.06796875
2 0.909375 0.6203125 0.07890625 0.0375
0 0.609375 0.41875 0.15234375 0.20234375
3 0.2578125 0.521875 0.025 0.01875
3 0.49375 0.6484375 0.025 0.028125
3 0.75625 0.52265625 0.01875 0.0140625
2 0.27421875 0.75859375 0.0859375 0.0359375
0 0.48125 0.934375 0.12421875 0.03359375
3 0.2828125 0.825 0.03125 0.025
3 0.67890625 0.903125 0.0203125 0.021875
2 0.946875 0.9265625 0.04765625 0.06484375