2 0.265625 0.75625 0.06640625 0.03671875
2 0.49296875 0.77421875 0.0609375 0.0484375
2 0.95 0.9234375 0.06953125 0.05625
0 0.46953125 0.9328125 0.1328125 0.06171875
0 0.759375 0.746875 0.04921875 0.14609375
0 0.6015625 0.4078125 0.15625 0.18203125
1 0.19609375 0.72734375 0.0546875 0.0484375
1 0.65234375 0.671875 0.0421875 0.04609375
1 0.434375 0.5171875 0.06328125 0.040625
1 0.815625 0.4703125 0.05859375 0.05078125
1 0.85859375 0.85 0.0515625 0.0625
2 0.903125 0.6203125 0.04140625 0.03046875
2 0.3484375 0.4390625 0.040625 0.04453125
3 0.2859375 0.8234375 0.021875 0.02109375