1 0.19453125 0.73359375 0.0609375 0.0484375
1 0.65078125 0.6828125 0.0671875 0.05
1 0.85859375 0.84140625 0.0640625 0.0640625
2 0.49296875 0.7796875 0.0640625 0.05
2 0.2640625 0.7640625 0.08046875 0.04375
3 0.2828125 0.8234375 0.03125 0.01484375
3 0.2546875 0.51875 0.02265625 0.01171875
0 0.4703125 0.940625 0.14140625 0.04453125
0 0.7640625 0.7578125 0.04140625 0.13671875
2 0.94609375 0.9359375 0.0609375 0.04765625
2 0.9046875 0.61875 0.06796875 0.034375
1 0.8171875 0.4671875 0.08046875 0.06171875
1 0.43828125 0.52421875 0.0921875 0.0421875
2 0.3484375 0.44765625 0.071875 0.0546875
0 0.61015625 0.41875 0.1578125 0.19765625