1 0.1953125 0.7296875 0.05390625 0.05390625
1 0.440625 0.52109375 0.07734375 0.0421875
1 0.81875 0.4703125 0.06015625 0.06171875
1 0.64921875 0.675 0.0671875 0.05703125
2 0.49453125 0.77578125 0.0640625 0.0453125
2 0.903125 0.61875 0.06875 0.04609375
2 0.9421875 0.9234375 0.06484375 0.04765625
0 0.771875 0.7609375 0.05703125 0.14140625
0 0.4796875 0.9375 0.146875 0.046875
0 0.6078125 0.4203125 0.16640625 0.2
2 0.35 0.446875 0.08125 0.04921875
3 0.2546875 0.521875 0.034375 0.02109375
3 0.49375 0.65 0.03515625 0.02421875
3 0.278125 0.81875 0.03359375 0.03828125