1 0.44609375 0.525 0.0734375 0.03984375
1 0.8171875 0.4625 0.06328125 0.04609375
1 0.65625 0.678125 0.05703125 0.03828125
1 0.19921875 0.734375 0.0578125 0.04609375
0 0.471875 0.9375 0.13125 0.0375
0 0.7609375 0.75546875 0.04765625 0.1359375
0 0.60546875 0.4109375 0.1421875 0.18359375
2 0.34921875 0.4359375 0.0671875 0.05625
2 0.9046875 0.621875 0.053125 0.034375
2 0.5 0.7828125 0.05546875 0.04375
3 0.25859375 0.51875 0.0296875 0.02265625
3 0.4953125 0.65 0.025 0.02109375
3 0.28046875 0.821875 0.0265625 0.01640625
3 0.67734375 0.8953125 0.0234375 0.01328125
2 0.94921875 0.92578125 0.0640625 0.0234375