1 0.6515625 0.6765625 0.07265625 0.04375
1 0.4375 0.521875 0.06640625 0.05
1 0.809375 0.4671875 0.05390625 0.06171875
2 0.4921875 0.775 0.05390625 0.05703125
2 0.90390625 0.61875 0.0484375 0.040625
2 0.9359375 0.92421875 0.06328125 0.0578125
0 0.4671875 0.9421875 0.13046875 0.05625
0 0.7671875 0.7546875 0.03515625 0.128125
0 0.5984375 0.396875 0.14375 0.19609375
3 0.753125 0.52421875 0.02421875 0.0234375
3 0.25625 0.5203125 0.03046875 0.01796875
3 0.49375 0.646875 0.040625 0.01953125
3 0.28125 0.8203125 0.02265625 0.021875
3 0.675 0.896875 0.02890625 0.02109375