1 0.4375 0.5140625 0.07578125 0.040625
1 0.2 0.734375 0.07578125 0.06484375
1 0.6578125 0.678125 0.07578125 0.04296875
1 0.825 0.46953125 0.06875 0.0578125
0 0.478125 0.934375 0.1375 0.05703125
0 0.765625 0.75703125 0.04765625 0.1328125
0 0.609375 0.409375 0.128125 0.19296875
2 0.3578125 0.44609375 0.05390625 0.0421875
2 0.9078125 0.61875 0.04765625 0.02890625
2 0.50078125 0.78203125 0.0453125 0.0296875
2 0.94921875 0.9203125 0.0578125 0.053125
3 0.675 0.89453125 0.02109375 0.0171875
3 0.4875 0.646875 0.02734375 0.021875
3 0.2578125 0.5203125 0.03359375 0.01875
3 0.746875 0.521875 0.03203125 0.02265625
3 0.2765625 0.81953125 0.02890625 0.0171875