0 0.471875 0.94375 0.13671875 0.05625
0 0.603125 0.4109375 0.13671875 0.18359375
2 0.3515625 0.4421875 0.05546875 0.03984375
2 0.9 0.6140625 0.06328125 0.03984375
2 0.49765625 0.775 0.0484375 0.046875
2 0.2671875 0.7625 0.075 0.04609375
1 0.4375 0.515625 0.075 0.05078125
1 0.203125 0.73125 0.046875 0.05234375
1 0.6625 0.68203125 0.04375 0.0265625
1 0.8171875 0.465625 0.06953125 0.05390625
1 0.85234375 0.840625 0.0671875 0.06015625
0 0.76484375 0.7546875 0.0609375 0.128125
3 0.675 0.896875 0.02421875 0.01953125
3 0.49140625 0.6515625 0.0265625 0.02109375
3 0.25625 0.51875 0.02421875 0.021875
3 0.7515625 0.51953125 0.02109375 0.0203125
3 0.278125 0.821875 0.01015625 0.009375
2 0.94609375 0.92734375 0.0484375 0.0453125