0 0.378125 0.65078125 0.15234375 0.0734375
0 0.6109375 0.4140625 0.165625 0.19609375
0 0.7625 0.76015625 0.03359375 0.1453125
0 0.47734375 0.94296875 0.1328125 0.0578125
2 0.4953125 0.7796875 0.06171875 0.05390625
2 0.9421875 0.9203125 0.05234375 0.065625
2 0.8984375 0.6171875 0.0625 0.05234375
2 0.35 0.44375 0.065625 0.05078125
1 0.196875 0.73515625 0.06484375 0.0515625
1 0.4390625 0.5234375 0.07421875 0.04140625
1 0.8203125 0.471875 0.065625 0.05546875
1 0.653125 0.675 0.059375 0.04296875
3 0.28125 0.82109375 0.02734375 0.0203125