0 0.3765625 0.6484375 0.13203125 0.075
0 0.4734375 0.9375 0.13125 0.05078125
0 0.771875 0.75 0.046875 0.13828125
0 0.6125 0.41171875 0.153125 0.1828125
1 0.4375 0.5203125 0.08515625 0.05625
1 0.81875 0.46484375 0.07578125 0.0578125
1 0.6484375 0.68125 0.05 0.06171875
2 0.503125 0.7765625 0.059375 0.06328125
2 0.9328125 0.9109375 0.08671875 0.06953125
2 0.8984375 0.6171875 0.05625 0.046875
3 0.259375 0.521875 0.03359375 0.02109375
3 0.4984375 0.65078125 0.02421875 0.0234375
3 0.28359375 0.821875 0.0234375 0.021875