1 0.43359375 0.51875 0.0703125 0.03828125
1 0.65078125 0.6734375 0.0640625 0.0375
1 0.8203125 0.465625 0.065625 0.05078125
1 0.203125 0.7390625 0.05625 0.04296875
2 0.4921875 0.7796875 0.04765625 0.046875
2 0.94140625 0.92578125 0.0671875 0.0546875
0 0.471875 0.9375 0.13828125 0.04921875
0 0.37578125 0.646875 0.1578125 0.08046875
0 0.7671875 0.75546875 0.04765625 0.1390625
0 0.6078125 0.4109375 0.14140625 0.19296875
2 0.35625 0.4484375 0.05625 0.046875
2 0.903125 0.6203125 0.05703125 0.04609375
3 0.4890625 0.646875 0.02265625 0.02265625
3 0.2546875 0.5203125 0.02109375 0.0125
3 0.278125 0.8203125 0.02421875 0.01328125