0 0.3671875 0.6453125 0.134375 0.08203125
0 0.609375 0.40859375 0.16953125 0.1859375
0 0.76875 0.7484375 0.053125 0.14296875
0 0.4765625 0.9421875 0.11484375 0.065625
2 0.2625 0.75546875 0.075 0.0421875
2 0.49453125 0.775 0.0515625 0.04921875
2 0.88828125 0.6109375 0.0734375 0.05
2 0.3484375 0.4515625 0.06796875 0.04609375
2 0.93671875 0.9171875 0.0796875 0.06875
1 0.4390625 0.5171875 0.06640625 0.05703125
1 0.65546875 0.67578125 0.0671875 0.0453125
1 0.8625 0.84375 0.05546875 0.05
1 0.81953125 0.46875 0.0484375 0.04921875
1 0.19453125 0.7265625 0.0609375 0.05234375
3 0.49296875 0.653125 0.0234375 0.02421875
3 0.28359375 0.8234375 0.0234375 0.01640625
3 0.2546875 0.51796875 0.02109375 0.0171875