1 0.42890625 0.5046875 0.0953125 0.07421875
1 0.8078125 0.45625 0.07421875 0.06640625
1 0.65 0.6765625 0.053125 0.04453125
2 0.49609375 0.78203125 0.0578125 0.0546875
0 0.6078125 0.4125 0.14453125 0.19140625
0 0.3703125 0.64765625 0.13046875 0.0796875
0 0.765625 0.753125 0.02734375 0.12421875
0 0.4703125 0.9390625 0.13515625 0.06015625
3 0.678125 0.896875 0.02734375 0.01640625
3 0.49296875 0.65 0.0171875 0.01953125
2 0.9046875 0.628125 0.06484375 0.04921875
3 0.2859375 0.821875 0.02578125 0.021875
2 0.9546875 0.93359375 0.04921875 0.0578125