1 0.44375 0.51875 0.090625 0.03515625
1 0.81953125 0.4640625 0.0515625 0.05078125
1 0.6484375 0.671875 0.04921875 0.04453125
1 0.2078125 0.728125 0.06484375 0.046875
1 0.8578125 0.8421875 0.05 0.05
2 0.4984375 0.78125 0.05390625 0.05625
2 0.26953125 0.7578125 0.0734375 0.03046875
2 0.35859375 0.446875 0.0734375 0.05859375
2 0.9109375 0.6234375 0.05546875 0.040625
0 0.47734375 0.93125 0.1203125 0.05390625
0 0.37734375 0.64453125 0.1453125 0.0796875
0 0.765625 0.7546875 0.065625 0.13515625
0 0.60546875 0.4125 0.1265625 0.18359375
3 0.2546875 0.5203125 0.03125 0.02734375
3 0.4953125 0.6484375 0.01796875 0.02578125
3 0.6796875 0.89609375 0.015625 0.0296875
2 0.9484375 0.9234375 0.046875 0.040625