0 0.3796875 0.6515625 0.140625 0.075
0 0.76796875 0.75546875 0.0671875 0.1328125
0 0.471875 0.93984375 0.11875 0.0515625
0 0.6109375 0.4015625 0.14609375 0.17265625
1 0.81875 0.46875 0.06015625 0.05
1 0.653125 0.675 0.05546875 0.046875
3 0.2609375 0.51875 0.03046875 0.01875
3 0.4984375 0.6453125 0.03984375 0.01640625
3 0.753125 0.521875 0.03125 0.02265625
3 0.2875 0.8234375 0.03515625 0.021875
3 0.678125 0.8953125 0.03125 0.01953125
2 0.95 0.925 0.06328125 0.04375
2 0.909375 0.6203125 0.059375 0.034375