0 0.378125 0.64765625 0.13359375 0.0734375
0 0.47265625 0.9359375 0.1234375 0.04453125
0 0.7640625 0.753125 0.04453125 0.12265625
0 0.6078125 0.4125 0.14921875 0.18359375
1 0.196875 0.73125 0.078125 0.04765625
1 0.4421875 0.521875 0.078125 0.04921875
1 0.81796875 0.471875 0.0640625 0.05234375
1 0.6453125 0.6765625 0.06328125 0.053125
2 0.490625 0.77734375 0.03828125 0.0359375
2 0.353125 0.44375 0.04765625 0.04609375
2 0.9453125 0.9265625 0.053125 0.0375
2 0.91015625 0.621875 0.0640625 0.03984375
3 0.7546875 0.5203125 0.02734375 0.01796875
3 0.49375 0.6484375 0.03515625 0.01875
3 0.2625 0.525 0.03515625 0.01953125
3 0.2890625 0.8234375 0.03671875 0.021875
3 0.67890625 0.8984375 0.0359375 0.021875