0 0.375 0.6484375 0.14375 0.07578125
0 0.7609375 0.7578125 0.03046875 0.1375
0 0.4734375 0.9390625 0.13203125 0.05390625
0 0.6046875 0.4203125 0.15 0.19609375
2 0.34609375 0.44375 0.0578125 0.03984375
2 0.496875 0.7796875 0.05546875 0.04375
2 0.9421875 0.928125 0.04765625 0.03203125
2 0.903125 0.615625 0.065625 0.040625
1 0.4390625 0.5203125 0.08828125 0.04375
1 0.2015625 0.73984375 0.046875 0.0390625
1 0.65 0.6796875 0.05390625 0.046875
1 0.8265625 0.46875 0.059375 0.05078125
3 0.753125 0.5203125 0.01796875 0.01484375
3 0.4921875 0.6484375 0.02734375 0.01796875
3 0.2609375 0.5203125 0.02578125 0.01796875
2 0.2671875 0.7609375 0.06875 0.03984375
3 0.2859375 0.82421875 0.028125 0.0234375
3 0.68125 0.89609375 0.02734375 0.0265625
1 0.85625 0.84765625 0.0625 0.0484375