0 0.3734375 0.65 0.146875 0.071875
0 0.60625 0.4140625 0.15546875 0.190625
0 0.96484375 0.5875 0.0515625 0.13046875
0 0.76484375 0.759375 0.0515625 0.12734375
0 0.48359375 0.94375 0.1546875 0.05546875
1 0.19375 0.7328125 0.05390625 0.04921875
1 0.64453125 0.6765625 0.0578125 0.046875
2 0.4953125 0.78125 0.05234375 0.04765625
2 0.90546875 0.61796875 0.0421875 0.0359375
2 0.9390625 0.9265625 0.06015625 0.053125
2 0.3484375 0.44375 0.05 0.04140625
1 0.4359375 0.521875 0.07109375 0.04453125
1 0.8171875 0.46875 0.08359375 0.06171875