1 0.4328125 0.5171875 0.09921875 0.034375
1 0.81875 0.4671875 0.05625 0.06015625
1 0.6515625 0.678125 0.08046875 0.04921875
2 0.5078125 0.778125 0.07578125 0.046875
2 0.9453125 0.9265625 0.03984375 0.03984375
0 0.478125 0.940625 0.15078125 0.05390625
0 0.38359375 0.65625 0.1390625 0.078125
0 0.76796875 0.7546875 0.0515625 0.128125
3 0.2515625 0.51875 0.01953125 0.01796875
0 0.61015625 0.4109375 0.1671875 0.19140625
0 0.9609375 0.58203125 0.04296875 0.1078125
2 0.9015625 0.62109375 0.05546875 0.0390625