1 0.196875 0.734375 0.05390625 0.03359375
1 0.6515625 0.67578125 0.059375 0.0546875
1 0.4390625 0.51953125 0.07421875 0.0484375
1 0.821875 0.4765625 0.06796875 0.0625
0 0.9671875 0.57890625 0.04609375 0.1234375
0 0.76875 0.753125 0.04921875 0.1375
0 0.46953125 0.9421875 0.1234375 0.05234375
0 0.3734375 0.6453125 0.14453125 0.065625
0 0.6109375 0.42421875 0.14453125 0.2046875
2 0.346875 0.4421875 0.06328125 0.05234375
2 0.9109375 0.621875 0.04609375 0.04453125
2 0.50078125 0.77578125 0.0546875 0.0515625
2 0.940625 0.9203125 0.05390625 0.06328125
3 0.2828125 0.821875 0.02421875 0.01640625
3 0.25546875 0.51875 0.0203125 0.02109375