1 0.5921875 0.49375 0.06640625 0.05234375
1 0.66875 0.69453125 0.05234375 0.0546875
1 0.91484375 0.7578125 0.0546875 0.04765625
1 0.359375 0.678125 0.07265625 0.03984375
0 0.2640625 0.7625 0.12421875 0.071875
0 0.8734375 0.54921875 0.20546875 0.1546875
3 0.74765625 0.44375 0.0421875 0.02265625
3 0.5453125 0.6171875 0.02734375 0.01328125
3 0.4109375 0.82734375 0.01796875 0.0140625
3 0.8171875 0.81875 0.021875 0.015625
2 0.24140625 0.8796875 0.0515625 0.04609375
1 0.390625 0.94375 0.053125 0.04765625
2 0.8125 0.871875 0.059375 0.046875
3 0.2703125 0.540625 0.03359375 0.021875