1 0.4390625 0.5203125 0.075 0.04296875
1 0.2 0.728125 0.05703125 0.05
1 0.65 0.675 0.07265625 0.046875
1 0.8140625 0.4640625 0.09453125 0.04765625
1 0.84375 0.8421875 0.05859375 0.06953125
2 0.26015625 0.75625 0.0734375 0.04375
2 0.4984375 0.7796875 0.05234375 0.04453125
2 0.9421875 0.921875 0.05703125 0.04453125
2 0.903125 0.6140625 0.059375 0.040625
0 0.965625 0.5765625 0.04921875 0.10703125
0 0.3703125 0.646875 0.14453125 0.071875
0 0.60546875 0.41484375 0.1421875 0.1953125
2 0.35625 0.446875 0.06328125 0.04921875
3 0.2796875 0.82109375 0.01953125 0.0140625
0 0.465625 0.93671875 0.109375 0.0421875
0 0.7625 0.753125 0.04296875 0.12265625
3 0.2546875 0.52109375 0.028125 0.0203125