1 0.4453125 0.515625 0.08203125 0.05078125
1 0.8171875 0.46875 0.06015625 0.05390625
1 0.64609375 0.66875 0.0671875 0.06171875
0 0.4765625 0.94296875 0.125 0.0671875
0 0.378125 0.6453125 0.14609375 0.07734375
0 0.6125 0.40859375 0.16640625 0.1828125
0 0.95625 0.575 0.05546875 0.11015625
0 0.7734375 0.753125 0.06875 0.14375
2 0.490625 0.775 0.06328125 0.059375
2 0.9046875 0.621875 0.05234375 0.040625
2 0.9484375 0.925 0.04140625 0.0375
3 0.4921875 0.646875 0.021875 0.01796875
3 0.2546875 0.5203125 0.03828125 0.02265625
3 0.28359375 0.8234375 0.0203125 0.015625