0 0.3703125 0.64765625 0.13671875 0.0765625
0 0.7671875 0.75 0.05859375 0.13671875
0 0.9640625 0.58046875 0.03984375 0.1203125
0 0.47265625 0.9375 0.1140625 0.059375
0 0.61328125 0.415625 0.1546875 0.19921875
1 0.440625 0.52578125 0.08984375 0.0546875
1 0.196875 0.7328125 0.065625 0.05625
1 0.6625 0.67421875 0.07109375 0.0484375
1 0.8140625 0.471875 0.04375 0.05234375
2 0.340625 0.4421875 0.046875 0.05546875
2 0.49375 0.78046875 0.04296875 0.0484375
2 0.896875 0.61875 0.05390625 0.04765625
2 0.93125 0.921875 0.07578125 0.071875
3 0.278125 0.8234375 0.02734375 0.01484375
3 0.49296875 0.6453125 0.0203125 0.01484375
3 0.2578125 0.5171875 0.021875 0.01640625