0 0.6125 0.42578125 0.15546875 0.2109375
0 0.3703125 0.65 0.15859375 0.08125
0 0.9671875 0.5859375 0.05546875 0.12421875
0 0.765625 0.753125 0.053125 0.12578125
0 0.475 0.9375 0.1375 0.05625
2 0.2640625 0.75625 0.08203125 0.03046875
2 0.496875 0.7828125 0.05546875 0.04921875
2 0.94375 0.92734375 0.05078125 0.0578125
2 0.359375 0.446875 0.06484375 0.05703125
2 0.8984375 0.621875 0.06015625 0.05546875
1 0.8140625 0.47578125 0.06171875 0.0671875
1 0.43359375 0.521875 0.0546875 0.04296875
1 0.65546875 0.675 0.0703125 0.04296875
1 0.19375 0.73515625 0.04140625 0.0484375
1 0.8625 0.846875 0.06171875 0.03515625
3 0.2546875 0.5203125 0.02109375 0.015625
3 0.48125 0.64453125 0.03125 0.0171875
3 0.2875 0.825 0.04921875 0.025