0 0.36875 0.64296875 0.13828125 0.0765625
0 0.7671875 0.753125 0.04453125 0.128125
0 0.9625 0.58046875 0.03671875 0.1171875
0 0.6046875 0.41328125 0.14765625 0.1890625
1 0.815625 0.46875 0.05703125 0.06328125
1 0.646875 0.6765625 0.06015625 0.05390625
3 0.48984375 0.6453125 0.0203125 0.02265625
3 0.25703125 0.5203125 0.0171875 0.01484375
3 0.6796875 0.896875 0.01875 0.01796875
2 0.94375 0.92578125 0.05390625 0.0390625
0 0.4734375 0.93984375 0.12890625 0.0515625
3 0.28125 0.8234375 0.02734375 0.02265625
3 0.75546875 0.52109375 0.0171875 0.0203125