0 0.60859375 0.4140625 0.1671875 0.18359375
0 0.3671875 0.64765625 0.159375 0.0828125
0 0.76640625 0.75 0.0515625 0.153125
0 0.96171875 0.5734375 0.0484375 0.12890625
0 0.475 0.9359375 0.13984375 0.06171875
2 0.265625 0.75625 0.08671875 0.04296875
3 0.9421875 0.9265625 0.08046875 0.046875
2 0.4953125 0.7734375 0.10078125 0.0625
2 0.90546875 0.61875 0.0640625 0.04375
2 0.346875 0.44453125 0.06953125 0.0640625
1 0.8359375 0.475 0.065625 0.05078125
1 0.440625 0.515625 0.09453125 0.05703125
1 0.65625 0.678125 0.09140625 0.05625
1 0.1953125 0.7296875 0.06953125 0.05703125
1 0.85859375 0.84140625 0.0734375 0.0578125
3 0.2578125 0.5203125 0.025 0.02265625
3 0.490625 0.6453125 0.025 0.02578125
3 0.75625 0.51875 0.03828125 0.01953125
3 0.678125 0.9 0.03515625 0.02734375