0 0.309375 0.571875 0.27578125 0.08359375
2 0.4 0.7078125 0.046875 0.05234375
2 0.2703125 0.91875 0.07890625 0.05078125
2 0.91796875 0.7328125 0.0609375 0.05234375
2 0.36796875 0.43828125 0.0546875 0.0453125
3 0.2578125 0.5203125 0.03671875 0.015625
3 0.7546875 0.5203125 0.03203125 0.02421875
3 0.4953125 0.646875 0.02734375 0.028125
3 0.2828125 0.8234375 0.03125 0.02890625
3 0.67890625 0.8953125 0.0296875 0.02109375
1 0.634375 0.6921875 0.075 0.04140625
1 0.4859375 0.5 0.06953125 0.0375
1 0.8734375 0.5234375 0.053125 0.05546875