1 0.1796875 0.65703125 0.08515625 0.0546875
1 0.48671875 0.509375 0.0890625 0.0625
1 0.640625 0.69765625 0.07265625 0.0390625
1 0.88203125 0.5265625 0.0703125 0.053125
2 0.3671875 0.43125 0.07109375 0.053125
2 0.3953125 0.715625 0.05859375 0.071875
2 0.2703125 0.921875 0.07734375 0.053125
2 0.584375 0.9453125 0.08828125 0.04375
2 0.9203125 0.73125 0.05546875 0.05546875
0 0.3015625 0.56875 0.303125 0.06953125
3 0.2609375 0.521875 0.03359375 0.01875
3 0.753125 0.51875 0.021875 0.021875
3 0.4890625 0.63984375 0.02578125 0.0234375
3 0.2765625 0.821875 0.03515625 0.02265625
3 0.6765625 0.9015625 0.04140625 0.01953125