1 0.4859375 0.496875 0.075 0.04765625
1 0.178125 0.6640625 0.04921875 0.04609375
1 0.63671875 0.6984375 0.0640625 0.04375
1 0.87890625 0.5265625 0.0484375 0.05546875
1 0.7546875 0.82109375 0.05859375 0.0546875
0 0.3140625 0.5734375 0.2625 0.0625
2 0.3703125 0.43515625 0.06015625 0.0421875
2 0.4 0.703125 0.03359375 0.04296875
2 0.60078125 0.9515625 0.0640625 0.03515625
2 0.9171875 0.73125 0.046875 0.04921875
3 0.284375 0.82265625 0.021875 0.0140625
3 0.48828125 0.6484375 0.0234375 0.01953125
3 0.6765625 0.896875 0.03046875 0.025