1 0.3609375 0.675 0.06875 0.03125
1 0.6703125 0.68984375 0.06640625 0.0640625
1 0.5890625 0.4890625 0.06171875 0.03828125
0 0.4671875 0.5546875 0.059375 0.11640625
0 0.87578125 0.553125 0.1890625 0.15546875
0 0.25546875 0.76171875 0.1109375 0.0703125
0 0.8203125 0.7953125 0.10078125 0.096875
0 0.5734375 0.840625 0.146875 0.08671875
2 0.2453125 0.8765625 0.07890625 0.03671875
2 0.81328125 0.8734375 0.0546875 0.040625
3 0.409375 0.82578125 0.02734375 0.0203125
3 0.5453125 0.615625 0.02421875 0.01875
3 0.26875 0.540625 0.028125 0.01953125