1 0.3640625 0.6859375 0.08359375 0.04921875
1 0.66875 0.690625 0.06015625 0.04453125
1 0.59296875 0.4859375 0.0671875 0.04921875
0 0.87578125 0.55625 0.1953125 0.17109375
0 0.24609375 0.759375 0.1140625 0.07734375
0 0.5796875 0.83984375 0.15234375 0.0859375
3 0.40625 0.82734375 0.03359375 0.0203125
3 0.2703125 0.53984375 0.028125 0.0203125
3 0.54609375 0.6140625 0.0421875 0.028125
3 0.8234375 0.825 0.02734375 0.01953125
2 0.784375 0.4078125 0.06953125 0.05234375
2 0.2484375 0.88359375 0.053125 0.0421875
1 0.4015625 0.95 0.05546875 0.0375
2 0.8140625 0.878125 0.065625 0.03671875