1 0.3578125 0.6796875 0.08125 0.03828125
1 0.671875 0.6921875 0.06328125 0.03671875
1 0.9140625 0.75546875 0.05625 0.0453125
1 0.5890625 0.49140625 0.06640625 0.0390625
0 0.8734375 0.55 0.20078125 0.16328125
0 0.253125 0.7578125 0.11171875 0.06875
2 0.784375 0.3984375 0.06328125 0.04375
2 0.25078125 0.87890625 0.0546875 0.0421875
2 0.8125 0.86875 0.053125 0.04453125
0 0.575 0.8421875 0.15859375 0.09375
1 0.39609375 0.9484375 0.0671875 0.05390625
3 0.409375 0.825 0.03359375 0.01328125
3 0.81875 0.81875 0.040625 0.021875
3 0.5453125 0.61875 0.03828125 0.01875
3 0.2703125 0.54140625 0.025 0.0171875
3 0.7421875 0.44375 0.0375 0.02578125