1 0.3640625 0.68125 0.08125 0.03359375
1 0.66953125 0.69375 0.0578125 0.046875
1 0.6 0.48515625 0.06015625 0.0671875
1 0.9109375 0.7578125 0.06171875 0.040625
0 0.865625 0.546875 0.21953125 0.16875
0 0.2578125 0.759375 0.11953125 0.07890625
0 0.4640625 0.5515625 0.02890625 0.11171875
0 0.5734375 0.83984375 0.15703125 0.0921875
1 0.390625 0.946875 0.05625 0.0375
2 0.2421875 0.87890625 0.06328125 0.0421875
2 0.815625 0.87734375 0.06640625 0.0390625
2 0.77734375 0.40390625 0.0796875 0.0421875
3 0.54375 0.61875 0.025 0.015625
3 0.265625 0.5390625 0.028125 0.01328125
3 0.746875 0.44375 0.025 0.01953125
3 0.4078125 0.82109375 0.028125 0.0234375
3 0.821875 0.82265625 0.02109375 0.0171875