1 0.59453125 0.490625 0.0921875 0.05703125
1 0.3625 0.68046875 0.08828125 0.0453125
1 0.6703125 0.6890625 0.06796875 0.05234375
0 0.253125 0.7625 0.11953125 0.07421875
0 0.57734375 0.8390625 0.1453125 0.0875
0 0.871875 0.5453125 0.203125 0.1625
2 0.24140625 0.87265625 0.0703125 0.0328125
2 0.5296875 0.73125 0.07265625 0.05078125
2 0.8109375 0.87109375 0.07109375 0.0390625
2 0.78125 0.4 0.06796875 0.046875
3 0.4109375 0.825 0.03359375 0.025
3 0.54375 0.61640625 0.03125 0.0234375
3 0.26796875 0.54140625 0.0265625 0.0203125